lepalmer/localCodes/local_test/SmallSteps/finalTest/tempBurstData.txt
# %ECSV 0.9
# ---
# datatype:
# - {name: Energy, datatype: float64}
# - {name: Azimuth, datatype: float64}
# - {name: Zenith, datatype: float64}
# - {name: hits1, datatype: float64}
# - {name: hits2, datatype: float64}
# - {name: hits3, datatype: float64}
# - {name: hits4, datatype: float64}
# schema: astropy-2.0
Energy Azimuth Zenith hits1 hits2 hits3 hits4
[from data line 1647]
100.0 132.30999755859375 15.0 224.11927697063157 277.66990067157894 266.76144028805265 223.12759875394738
100.0 132.30999755859375 15.0 224.87156618237896 278.6019404029474 267.6568641728316 223.87655925236842
100.0 132.30999755859375 15.0 225.6238553941263 279.5339801343158 268.55228805761055 224.62551975078946
100.0 132.30999755859375 15.0 226.3761446058737 280.4660198656842 269.44771194238945 225.37448024921054
100.0 132.30999755859375 15.0 227.12843381762104 281.3980595970526 270.3431358271684 226.12344074763158
100.0 132.30999755859375 15.0 227.88072302936843 282.33009932842106 271.23855971194735 226.87240124605262
100.0 132.30999755859375 15.0 228.6330122411158 283.2621390597895 272.1339835967263 227.6213617444737
100.0 132.30999755859375 15.0 229.38530145286316 284.19417879115787 273.02940748150525 228.37032224289473
100.0 132.30999755859375 15.0 230.13759066461054 285.1262185225263 273.9248313662842 229.11928274131577
100.0 132.30999755859375 15.0 230.8898798763579 286.05825825389473 274.82025525106314 229.86824323973684
100.0 132.30999755859375 15.0 231.64216908810528 286.99029798526317 275.7156791358421 230.61720373815788
100.0 132.30999755859375 15.0 232.39445829985263 287.92233771663155 276.61110302062104 231.36616423657895
100.0 132.30999755859375 15.0 233.1467475116 288.854377448 277.5065269054 232.115124735
100.0 133.3300018310547 15.0 241.1259286266 273.0823769988 257.5883414244 197.5489535736
100.0 133.3300018310547 15.0 241.95477824485263 274.02107415682104 258.47377916920004 198.2280110921684
100.0 133.3300018310547 15.0 242.78362786310527 274.9597713148421 259.359216914 198.90706861073684
100.0 133.3300018310547 15.0 243.6124774813579 275.89846847286316 260.2446546588 199.58612612930526
100.0 133.3300018310547 15.0 244.44132709961053 276.8371656308842 261.13009240360003 200.26518364787367
100.0 133.3300018310547 15.0 245.27017671786317 277.7758627889053 262.0155301484 200.9442411664421
100.0 133.3300018310547 15.0 246.0990263361158 278.71455994692633 262.9009678932 201.62329868501052
100.0 133.3300018310547 15.0 246.92787595436843 279.6532571049474 263.786405638 202.30235620357894
100.0 133.3300018310547 15.0 247.75672557262106 280.59195426296844 264.6718433828 202.98141372214738
100.0 133.3300018310547 15.0 248.5855751908737 281.5306514209895 265.5572811276 203.6604712407158
100.0 133.3300018310547 15.0 249.41442480912633 282.4693485790105 266.4427188724 204.3395287592842
100.0 133.3300018310547 15.0 250.24327442737894 283.40804573703156 267.3281566172 205.01858627785262
100.0 133.3300018310547 15.0 251.07212404563157 284.3467428950526 268.213594362 205.69764379642106
100.0 133.3300018310547 15.0 251.9009736638842 285.28544005307367 269.0990321068 206.37670131498948
100.0 133.3300018310547 15.0 252.72982328213683 286.2241372110947 269.9844698516 207.0557588335579
100.0 133.3300018310547 15.0 253.55867290038947 287.1628343691158 270.86990759639997 207.73481635212633
100.0 133.3300018310547 15.0 254.3875225186421 288.10153152713684 271.7553453412 208.41387387069474
100.0 133.3300018310547 15.0 255.21637213689473 289.0402286851579 272.640783086 209.09293138926316
100.0 133.3300018310547 15.0 256.0452217551474 289.97892584317896 273.52622083079996 209.7719889078316
100.0 133.3300018310547 15.0 256.8740713734 290.9176230012 274.4116585756 210.4510464264
100.0 134.36000061035156 15.0 245.9678147436 278.8926403392 248.8729464138 195.6121991268
100.0 134.36000061035156 15.0 246.81330792848422 279.8513097771789 249.72842573866316 196.28459921871578
100.0 134.36000061035156 15.0 247.6588011133684 280.8099792151579 250.58390506352632 196.95699931063157
100.0 134.36000061035156 15.0 248.50429429825263 281.76864865313684 251.43938438838947 197.62939940254736
100.0 134.36000061035156 15.0 249.34978748313685 282.72731809111576 252.29486371325265 198.30179949446315
100.0 134.36000061035156 15.0 250.19528066802104 283.68598752909475 253.1503430381158 198.97419958637894
100.0 134.36000061035156 15.0 251.04077385290526 284.6446569670737 254.00582236297896 199.64659967829473
100.0 134.36000061035156 15.0 251.88626703778948 285.60332640505266 254.86130168784211 200.31899977021052
100.0 134.36000061035156 15.0 252.73176022267367 286.5619958430316 255.71678101270527 200.99139986212631
100.0 134.36000061035156 15.0 253.5772534075579 287.5206652810105 256.5722603375684 201.6637999540421
100.0 134.36000061035156 15.0 254.4227465924421 288.4793347189895 257.4277396624316 202.3362000459579
100.0 134.36000061035156 15.0 255.2682397773263 289.4380041569684 258.28321898729473 203.00860013787369
100.0 134.36000061035156 15.0 256.1137329622105 290.39667359494734 259.1386983121579 203.68100022978948
100.0 134.36000061035156 15.0 256.95922614709474 291.3553430329263 259.99417763702104 204.35340032170527
100.0 134.36000061035156 15.0 257.80471933197896 292.31401247090525 260.84965696188425 205.02580041362106
100.0 134.36000061035156 15.0 258.6502125168632 293.27268190888424 261.7051362867474 205.69820050553685
100.0 134.36000061035156 15.0 259.49570570174734 294.23135134686316 262.56061561161056 206.37060059745264
100.0 134.36000061035156 15.0 260.34119888663156 295.1900207848421 263.4160949364737 207.04300068936843
100.0 134.36000061035156 15.0 261.1866920715158 296.1486902228211 264.27157426133687 207.71540078128422
100.0 134.36000061035156 15.0 262.0321852564 297.1073596608 265.1270535862 208.3878008732
100.0 135.3800048828125 15.0 210.1378574778 256.619964201 269.2088681052 232.410533616
100.0 135.3800048828125 15.0 210.86018826961052 257.5020732324737 270.1342504099158 233.2094248143158
100.0 135.3800048828125 15.0 211.58251906142104 258.38418226394737 271.05963271463156 234.00831601263158
100.0 135.3800048828125 15.0 212.3048498532316 259.26629129542107 271.9850150193474 234.80720721094738
100.0 135.3800048828125 15.0 213.0271806450421 260.1484003268948 272.9103973240632 235.60609840926315
100.0 135.3800048828125 15.0 213.74951143685263 261.0305093583684 273.83577962877894 236.40498960757895
100.0 135.3800048828125 15.0 214.47184222866315 261.9126183898421 274.76116193349475 237.20388080589473
100.0 135.3800048828125 15.0 215.19417302047367 262.79472742131577 275.6865442382105 238.00277200421053
100.0 135.3800048828125 15.0 215.91650381228422 263.6768364527895 276.6119265429263 238.80166320252633
100.0 135.3800048828125 15.0 216.63883460409474 264.5589454842632 277.5373088476421 239.6005544008421
100.0 135.3800048828125 15.0 217.36116539590526 265.4410545157368 278.4626911523579 240.3994455991579
100.0 135.3800048828125 15.0 218.08349618771578 266.3231635472105 279.3880734570737 241.19833679747367
100.0 135.3800048828125 15.0 218.80582697952633 267.20527257868423 280.3134557617895 241.99722799578947
100.0 135.3800048828125 15.0 219.52815777133685 268.0873816101579 281.23883806650525 242.79611919410524
100.0 135.3800048828125 15.0 220.25048856314737 268.9694906416316 282.16422037122106 243.59501039242105
100.0 135.3800048828125 15.0 220.9728193549579 269.8515996731052 283.0896026759368 244.39390159073685
100.0 135.3800048828125 15.0 221.6951501467684 270.73370870457893 284.0149849806526 245.19279278905262
100.0 135.3800048828125 15.0 222.41748093857896 271.61581773605263 284.94036728536844 245.99168398736842
100.0 135.3800048828125 15.0 223.13981173038948 272.4979267675263 285.8657495900842 246.7905751856842
100.0 135.3800048828125 15.0 223.8621425222 273.380035799 286.7911318948 247.589466384
100.0 136.41000366210938 15.0 240.1575514032 277.9242631158 251.77807808400001 199.4857080204
100.0 136.41000366210938 15.0 240.9830723081263 278.8796038404526 252.64354354884213 200.17142296562108
100.0 136.41000366210938 15.0 241.80859321305263 279.8349445651053 253.50900901368422 200.8571379108421
100.0 136.41000366210938 15.0 242.63411411797895 280.7902852897579 254.37447447852634 201.54285285606318
100.0 136.41000366210938 15.0 243.45963502290525 281.7456260144105 255.23993994336843 202.2285678012842
100.0 136.41000366210938 15.0 244.28515592783157 282.7009667390632 256.1054054082105 202.91428274650528
100.0 136.41000366210938 15.0 245.1106768327579 283.6563074637158 256.97087087305266 203.59999769172632
100.0 136.41000366210938 15.0 245.9361977376842 284.6116481883684 257.83633633789475 204.28571263694738
100.0 136.41000366210938 15.0 246.76171864261053 285.5669889130211 258.70180180273684 204.97142758216842
100.0 136.41000366210938 15.0 247.58723954753685 286.5223296376737 259.5672672675789 205.65714252738948
100.0 136.41000366210938 15.0 248.41276045246315 287.4776703623263 260.4327327324211 206.34285747261052
100.0 136.41000366210938 15.0 249.23828135738947 288.4330110869789 261.29819819726316 207.02857241783158
100.0 136.41000366210938 15.0 250.0638022623158 289.3883518116316 262.16366366210525 207.71428736305262
100.0 136.41000366210938 15.0 250.8893231672421 290.3436925362842 263.02912912694734 208.40000230827368
100.0 136.41000366210938 15.0 251.71484407216843 291.2990332609368 263.8945945917895 209.08571725349472
100.0 136.41000366210938 15.0 252.54036497709475 292.2543739855895 264.7600600566316 209.7714321987158
100.0 136.41000366210938 15.0 253.36588588202108 293.2097147102421 265.62552552147366 210.45714714393682
100.0 136.41000366210938 15.0 254.19140678694737 294.1650554348947 266.49099098631575 211.1428620891579
100.0 136.41000366210938 15.0 255.0169276918737 295.1203961595474 267.3564564511579 211.82857703437895
100.0 136.41000366210938 15.0 255.8424485968 296.0757368842 268.221921916 212.5142919796
100.0 137.44000244140625 15.0 235.3156652862 265.3353592116 271.145622552 196.5805763502
100.0 137.44000244140625 15.0 236.12454262449472 266.2474266630105 272.07766228336845 197.2563051554421
100.0 137.44000244140625 15.0 236.93341996278946 267.1594941144211 273.00970201473683 197.9320339606842
100.0 137.44000244140625 15.0 237.7422973010842 268.0715615658316 273.94174174610527 198.6077627659263
100.0 137.44000244140625 15.0 238.55117463937893 268.9836290172421 274.8737814774737 199.2834915711684
100.0 137.44000244140625 15.0 239.3600519776737 269.89569646865266 275.80582120884213 199.95922037641054
100.0 137.44000244140625 15.0 240.16892931596843 270.80776392006317 276.7378609402105 200.63494918165264
100.0 137.44000244140625 15.0 240.97780665426316 271.7198313714737 277.66990067157894 201.31067798689475
100.0 137.44000244140625 15.0 241.7866839925579 272.63189882288424 278.6019404029474 201.98640679213685
100.0 137.44000244140625 15.0 242.59556133085263 273.54396627429475 279.5339801343158 202.66213559737895
100.0 137.44000244140625 15.0 243.40443866914737 274.45603372570525 280.4660198656842 203.33786440262105
100.0 137.44000244140625 15.0 244.2133160074421 275.36810117711576 281.3980595970526 204.01359320786315
100.0 137.44000244140625 15.0 245.02219334573684 276.2801686285263 282.33009932842106 204.68932201310525
100.0 137.44000244140625 15.0 245.83107068403157 277.19223607993683 283.2621390597895 205.36505081834736
100.0 137.44000244140625 15.0 246.63994802232634 278.10430353134734 284.19417879115787 206.04077962358946
100.0 137.44000244140625 15.0 247.44882536062107 279.0163709827579 285.1262185225263 206.7165084288316
100.0 137.44000244140625 15.0 248.2577026989158 279.9284384341684 286.05825825389473 207.3922372340737
100.0 137.44000244140625 15.0 249.06658003721054 280.8405058855789 286.99029798526317 208.0679660393158
100.0 137.44000244140625 15.0 249.87545737550528 281.7525733369895 287.92233771663155 208.7436948445579
100.0 137.44000244140625 15.0 250.6843347138 282.6646407884 288.854377448 209.4194236498
100.0 138.4600067138672 15.0 217.884875265 279.8610175626 270.1772453286 201.4224624672
100.0 138.4600067138672 15.0 218.63383576342105 280.82301571390525 271.10595634664213 202.1148348390737
100.0 138.4600067138672 15.0 219.38279626184212 281.78501386521054 272.0346673646842 202.80720721094738
100.0 138.4600067138672 15.0 220.13175676026316 282.7470120165158 272.9633783827263 203.49957958282107
100.0 138.4600067138672 15.0 220.8807172586842 283.7090101678211 273.89208940076844 204.19195195469473
100.0 138.4600067138672 15.0 221.62967775710527 284.6710083191263 274.8208004188105 204.88432432656842
100.0 138.4600067138672 15.0 222.3786382555263 285.6330064704316 275.74951143685263 205.5766966984421
100.0 138.4600067138672 15.0 223.12759875394738 286.59500462173685 276.67822245489475 206.2690690703158
100.0 138.4600067138672 15.0 223.87655925236842 287.5570027730421 277.6069334729368 206.96144144218948
100.0 138.4600067138672 15.0 224.62551975078946 288.5190009243474 278.53564449097894 207.65381381406317
100.0 138.4600067138672 15.0 225.37448024921054 289.4809990756526 279.46435550902106 208.34618618593683
100.0 138.4600067138672 15.0 226.12344074763158 290.4429972269579 280.3930665270632 209.03855855781052
100.0 138.4600067138672 15.0 226.87240124605262 291.40499537826315 281.32177754510525 209.7309309296842
100.0 138.4600067138672 15.0 227.6213617444737 292.3669935295684 282.25048856314737 210.4233033015579
100.0 138.4600067138672 15.0 228.37032224289473 293.3289916808737 283.1791995811895 211.11567567343158
100.0 138.4600067138672 15.0 229.11928274131577 294.2909898321789 284.10791059923156 211.80804804530527
100.0 138.4600067138672 15.0 229.86824323973684 295.2529879834842 285.0366216172737 212.50042041717893
100.0 138.4600067138672 15.0 230.61720373815788 296.21498613478946 285.9653326353158 213.19279278905262
100.0 138.4600067138672 15.0 231.36616423657895 297.17698428609475 286.89404365335787 213.8851651609263
100.0 138.4600067138672 15.0 232.115124735 298.1389824374 287.8227546714 214.5775375328
100.0 139.49000549316406 15.0 236.2840425096 294.3866759136 254.6832097542 183.0232952226
100.0 139.49000549316406 15.0 237.09624856122105 295.39860476480004 255.55866135902104 183.6524220412737
100.0 139.49000549316406 15.0 237.9084546128421 296.410533616 256.4341129638421 184.28154885994738
100.0 139.49000549316406 15.0 238.72066066446317 297.42246246720003 257.3095645686632 184.91067567862106
100.0 139.49000549316406 15.0 239.53286671608421 298.4343913184 258.1850161734842 185.53980249729474
100.0 139.49000549316406 15.0 240.34507276770526 299.4463201696 259.0604677783053 186.16892931596843
100.0 139.49000549316406 15.0 241.1572788193263 300.4582490208 259.9359193831263 186.7980561346421
100.0 139.49000549316406 15.0 241.96948487094735 301.470177872 260.8113709879474 187.4271829533158
100.0 139.49000549316406 15.0 242.78169092256843 302.4821067232 261.6868225927684 188.05630977198948
100.0 139.49000549316406 15.0 243.59389697418948 303.4940355744 262.5622741975895 188.68543659066316
100.0 139.49000549316406 15.0 244.40610302581052 304.5059644256 263.4377258024105 189.31456340933684
100.0 139.49000549316406 15.0 245.21830907743157 305.5178932768 264.3131774072316 189.94369022801052
100.0 139.49000549316406 15.0 246.03051512905262 306.529822128 265.1886290120526 190.5728170466842
100.0 139.49000549316406 15.0 246.8427211806737 307.5417509792 266.0640806168737 191.2019438653579
100.0 139.49000549316406 15.0 247.65492723229474 308.5536798304 266.9395322216947 191.83107068403157
100.0 139.49000549316406 15.0 248.46713328391579 309.5656086816 267.8149838265158 192.46019750270526
100.0 139.49000549316406 15.0 249.27933933553683 310.57753753279997 268.6904354313368 193.08932432137894
100.0 139.49000549316406 15.0 250.0915453871579 311.589466384 269.5658870361579 193.71845114005262
100.0 139.49000549316406 15.0 250.90375143877895 312.6013952352 270.4413386409789 194.3475779587263
100.0 139.49000549316406 15.0 251.7159574904 313.6133240864 271.3167902458 194.9767047774
100.0 140.50999450683594 15.0 238.2207969564 282.7661492328 225.6318930522 222.726761382
100.0 140.50999450683594 15.0 239.0396604346737 283.7381335240842 226.4074832572316 223.49236544705263
100.0 140.50999450683594 15.0 239.85852391294736 284.7101178153684 227.18307346226317 224.25796951210526
