lepalmer/localCodes/local_test/SmallSteps/finalTest/tempBurstData.txt
# %ECSV 0.9
# ---
# datatype:
# - {name: Energy, datatype: float64}
# - {name: Azimuth, datatype: float64}
# - {name: Zenith, datatype: float64}
# - {name: hits1, datatype: float64}
# - {name: hits2, datatype: float64}
# - {name: hits3, datatype: float64}
# - {name: hits4, datatype: float64}
# schema: astropy-2.0
Energy Azimuth Zenith hits1 hits2 hits3 hits4
[from data line 1005]
100.0 140.25 15.0 244.85732861004445 300.0505789114889 245.8608422518889 212.74489207102224
100.0 140.25 15.0 246.57198583013334 302.1517367344667 247.58252675566666 214.23467621306668
100.0 140.25 15.0 248.2866430502222 304.25289455744445 249.30421125944443 215.72446035511112
100.0 140.25 15.0 250.0013002703111 306.3540523804222 251.02589576322222 217.21424449715556
100.0 140.25 15.0 251.7159574904 308.4552102034 252.747580267 218.7040286392
100.0 140.75999450683594 15.0 244.0310602968 293.4182986902 221.7583841586 209.1694802544
100.0 140.75999450683594 15.0 245.8019357864 295.5475656479333 223.36763212335555 210.68737353120002
100.0 140.75999450683594 15.0 247.572811276 297.6768326056667 224.9768800881111 212.205266808
100.0 140.75999450683594 15.0 249.3436867656 299.8060995634 226.58612805286666 213.7231600848
100.0 140.75999450683594 15.0 251.1145622552 301.93536652113335 228.1953760176222 215.2410533616
100.0 140.75999450683594 15.0 252.88543774480002 304.06463347886665 229.8046239823778 216.7589466384
100.0 140.75999450683594 15.0 254.65631323440002 306.1939004366 231.41387194713334 218.2768399152
100.0 140.75999450683594 15.0 256.427188724 308.3231673943333 233.0231199118889 219.794733192
100.0 140.75999450683594 15.0 258.1980642136 310.4524343520667 234.63236787664445 221.31262646879998
100.0 140.75999450683594 15.0 259.9689397032 312.5817013098 236.2416158414 222.8305197456
100.0 141.27000427246094 15.0 231.4421563926 281.7977720094 267.2721136584 188.833558563
100.0 141.27000427246094 15.0 233.12167719424446 283.84271156286667 269.2116439565333 190.20387888233333
100.0 141.27000427246094 15.0 234.80119799588888 285.8876511163333 271.15117425466667 191.57419920166666
100.0 141.27000427246094 15.0 236.48071879753334 287.9325906698 273.0907045528 192.944519521
100.0 141.27000427246094 15.0 238.16023959917777 289.9775302232667 275.0302348509333 194.31483984033332
100.0 141.27000427246094 15.0 239.83976040082223 292.0224697767333 276.9697651490667 195.68516015966668
100.0 141.27000427246094 15.0 241.51928120246666 294.0674093302 278.9092954472 197.055480479
100.0 141.27000427246094 15.0 243.19880200411112 296.1123488836667 280.84882574533333 198.42580079833334
100.0 141.27000427246094 15.0 244.87832280575554 298.15728843713333 282.7883560434667 199.79612111766667
100.0 141.27000427246094 15.0 246.5578436074 300.2022279906 284.7278863416 201.166441437
100.0 141.77000427246094 15.0 237.252419733 274.0507542222 264.3669819882 192.7070674566
100.0 141.77000427246094 15.0 238.97410423677778 276.03947550615555 266.2854304352667 194.10549691068888
100.0 141.77000427246094 15.0 240.69578874055557 278.0281967901111 268.20387888233336 195.50392636477778
100.0 141.77000427246094 15.0 242.41747324433334 280.01691807406667 270.1223273294 196.90235581886665
100.0 141.77000427246094 15.0 244.1391577481111 282.0056393580222 272.04077577646666 198.30078527295555
100.0 141.77000427246094 15.0 245.8608422518889 283.9943606419778 273.95922422353334 199.69921472704445
100.0 141.77000427246094 15.0 247.58252675566666 285.98308192593333 275.8776726706 201.09764418113335
100.0 141.77000427246094 15.0 249.30421125944443 287.9718032098889 277.79612111766664 202.49607363522222
100.0 141.77000427246094 15.0 251.02589576322222 289.96052449384445 279.7145695647333 203.89450308931112
100.0 141.77000427246094 15.0 252.747580267 291.9492457778 281.6330180118 205.2929325434
100.0 142.27999877929688 15.0 241.1259286266 271.145622552 236.2840425096 219.8216297118
100.0 142.27999877929688 15.0 242.87572226513333 273.1132619848889 237.9986997296889 221.41682310917778
100.0 142.27999877929688 15.0 244.62551590366667 275.0809014177778 239.7133569497778 223.01201650655557
100.0 142.27999877929688 15.0 246.3753095422 277.04854085066665 241.42801416986666 224.60720990393332
100.0 142.27999877929688 15.0 248.12510318073333 279.01618028355557 243.14267138995555 226.2024033013111
100.0 142.27999877929688 15.0 249.87489681926667 280.98381971644443 244.85732861004445 227.7975966986889
100.0 142.27999877929688 15.0 251.6246904578 282.95145914933335 246.57198583013334 229.39279009606668
100.0 142.27999877929688 15.0 253.37448409633333 284.9190985822222 248.2866430502222 230.98798349344446
100.0 142.27999877929688 15.0 255.12427773486667 286.8867380151111 250.0013002703111 232.58317689082222
100.0 142.27999877929688 15.0 256.8740713734 288.854377448 251.7159574904 234.1783702882
100.0 142.77999877929688 15.0 232.410533616 275.0191314456 267.2721136584 195.6121991268
100.0 142.77999877929688 15.0 234.09708170133334 277.01488001324446 269.2116439565333 197.03171043195556
100.0 142.77999877929688 15.0 235.78362978666667 279.0106285808889 271.15117425466667 198.4512217371111
100.0 142.77999877929688 15.0 237.470177872 281.0063771485333 273.0907045528 199.87073304226666
100.0 142.77999877929688 15.0 239.15672595733332 283.0021257161778 275.0302348509333 201.29024434742223
100.0 142.77999877929688 15.0 240.84327404266668 284.9978742838222 276.9697651490667 202.70975565257777
100.0 142.77999877929688 15.0 242.529822128 286.9936228514667 278.9092954472 204.12926695773334
100.0 142.77999877929688 15.0 244.21637021333333 288.9893714191111 280.84882574533333 205.5487782628889
100.0 142.77999877929688 15.0 245.90291829866666 290.98511998675554 282.7883560434667 206.96828956804444
100.0 142.77999877929688 15.0 247.589466384 292.9808685544 284.7278863416 208.3878008732
100.0 143.2899932861328 15.0 254.6832097542 269.2088681052 248.8729464138 195.6121991268
100.0 143.2899932861328 15.0 256.5313853643778 271.1624529707111 250.67895832184445 197.03171043195556
100.0 143.2899932861328 15.0 258.37956097455555 273.11603783622223 252.4849702298889 198.4512217371111
100.0 143.2899932861328 15.0 260.22773658473335 275.06962270173335 254.29098213793336 199.87073304226666
100.0 143.2899932861328 15.0 262.0759121949111 277.02320756724447 256.0969940459778 201.29024434742223
100.0 143.2899932861328 15.0 263.9240878050889 278.97679243275553 257.90300595402226 202.70975565257777
100.0 143.2899932861328 15.0 265.77226341526665 280.93037729826665 259.7090178620667 204.12926695773334
100.0 143.2899932861328 15.0 267.62043902544445 282.88396216377777 261.51502977011114 205.5487782628889
100.0 143.2899932861328 15.0 269.4686146356222 284.8375470292889 263.32104167815555 206.96828956804444
100.0 143.2899932861328 15.0 271.3167902458 286.7911318948 265.1270535862 208.3878008732
100.0 143.8000030517578 15.0 242.09430585 266.303736435 257.5883414244 203.359216914
100.0 143.8000030517578 15.0 243.85112677222224 268.23623944944444 259.4575988856445 204.83494648866667
100.0 143.8000030517578 15.0 245.60794769444445 270.1687424638889 261.3268563468889 206.31067606333335
100.0 143.8000030517578 15.0 247.36476861666668 272.10124547833334 263.19611380813336 207.786405638
100.0 143.8000030517578 15.0 249.12158953888888 274.03374849277776 265.0653712693778 209.26213521266666
100.0 143.8000030517578 15.0 250.87841046111112 275.96625150722224 266.9346287306222 210.73786478733334
100.0 143.8000030517578 15.0 252.63523138333332 277.89875452166666 268.80388619186664 212.213594362
100.0 143.8000030517578 15.0 254.39205230555555 279.8312575361111 270.6731436531111 213.68932393666665
100.0 143.8000030517578 15.0 256.14887322777776 281.76376055055556 272.5424011143555 215.16505351133333
100.0 143.8000030517578 15.0 257.90569415 283.696263565 274.4116585756 216.640783086
100.0 144.3000030517578 15.0 234.3472880628 269.2088681052 233.3789108394 233.3789108394
100.0 144.3000030517578 15.0 236.0478907155111 271.1624529707111 235.07248620842222 235.07248620842222
100.0 144.3000030517578 15.0 237.74849336822223 273.11603783622223 236.76606157744445 236.76606157744445
100.0 144.3000030517578 15.0 239.44909602093333 275.06962270173335 238.45963694646667 238.45963694646667
100.0 144.3000030517578 15.0 241.14969867364445 277.02320756724447 240.1532123154889 240.1532123154889
100.0 144.3000030517578 15.0 242.85030132635555 278.97679243275553 241.8467876845111 241.8467876845111
100.0 144.3000030517578 15.0 244.55090397906667 280.93037729826665 243.54036305353333 243.54036305353333
100.0 144.3000030517578 15.0 246.25150663177777 282.88396216377777 245.23393842255555 245.23393842255555
100.0 144.3000030517578 15.0 247.9521092844889 284.8375470292889 246.92751379157778 246.92751379157778
100.0 144.3000030517578 15.0 249.6527119372 286.7911318948 248.6210891606 248.6210891606
100.0 144.80999755859375 15.0 219.8216297118 284.7029036796 260.4934730946 204.3275941374
100.0 144.80999755859375 15.0 221.41682310917778 286.76892508413334 262.3838124069111 205.81035099575556
100.0 144.80999755859375 15.0 223.01201650655557 288.8349464886667 264.27415171922223 207.29310785411113
100.0 144.80999755859375 15.0 224.60720990393332 290.9009678932 266.1644910315333 208.77586471246667
100.0 144.80999755859375 15.0 226.2024033013111 292.96698929773333 268.05483034384446 210.2586215708222
100.0 144.80999755859375 15.0 227.7975966986889 295.03301070226667 269.94516965615554 211.7413784291778
100.0 144.80999755859375 15.0 229.39279009606668 297.0990321068 271.8355089684667 213.22413528753333
100.0 144.80999755859375 15.0 230.98798349344446 299.1650535113333 273.72584828077777 214.70689214588887
100.0 144.80999755859375 15.0 232.58317689082222 301.23107491586666 275.6161875930889 216.18964900424444
100.0 144.80999755859375 15.0 234.1783702882 303.2970963204 277.5065269054 217.6724058626
100.0 145.32000732421875 15.0 237.252419733 276.9558858924 261.461850318 194.6438219034
100.0 145.32000732421875 15.0 238.97410423677778 278.96568902742223 263.359216914 196.05630592486668
100.0 145.32000732421875 15.0 240.69578874055557 280.9754921624444 265.25658351 197.46878994633335
100.0 145.32000732421875 15.0 242.41747324433334 282.9852952974667 267.153950106 198.8812739678
100.0 145.32000732421875 15.0 244.1391577481111 284.9950984324889 269.051316702 200.29375798926668
100.0 145.32000732421875 15.0 245.8608422518889 287.0049015675111 270.948683298 201.70624201073332
100.0 145.32000732421875 15.0 247.58252675566666 289.0147047025333 272.846049894 203.1187260322
100.0 145.32000732421875 15.0 249.30421125944443 291.0245078375556 274.74341649 204.53121005366665
100.0 145.32000732421875 15.0 251.02589576322222 293.03431097257777 276.640783086 205.94369407513332
100.0 145.32000732421875 15.0 252.747580267 295.0441141076 278.538149682 207.3561780966
100.0 145.82000732421875 15.0 233.3789108394 290.51316702 243.0626830734 204.3275941374
100.0 145.82000732421875 15.0 235.07248620842222 292.6213521266667 244.8265312793111 205.81035099575556
100.0 145.82000732421875 15.0 236.76606157744445 294.72953723333336 246.5903794852222 207.29310785411113
100.0 145.82000732421875 15.0 238.45963694646667 296.83772234 248.35422769113333 208.77586471246667
100.0 145.82000732421875 15.0 240.1532123154889 298.9459074466667 250.11807589704443 210.2586215708222
100.0 145.82000732421875 15.0 241.8467876845111 301.0540925533333 251.88192410295554 211.7413784291778
100.0 145.82000732421875 15.0 243.54036305353333 303.16227766 253.64577230886664 213.22413528753333
100.0 145.82000732421875 15.0 245.23393842255555 305.27046276666664 255.40962051477777 214.70689214588887
100.0 145.82000732421875 15.0 246.92751379157778 307.3786478733333 257.17346872068885 216.18964900424444
100.0 145.82000732421875 15.0 248.6210891606 309.48683298 258.9373169266 217.6724058626
100.0 146.3300018310547 15.0 224.6635158288 287.6080353498 245.9678147436 210.1378574778
100.0 146.3300018310547 15.0 226.29384564462222 289.6951386054 247.75274480057777 211.66277803828888
100.0 146.3300018310547 15.0 227.92417546044445 291.782241861 249.53767485755554 213.18769859877779
100.0 146.3300018310547 15.0 229.55450527626667 293.8693451166 251.32260491453334 214.71261915926667
100.0 146.3300018310547 15.0 231.1848350920889 295.9564483722 253.10753497151111 216.23753971975555
100.0 146.3300018310547 15.0 232.8151649079111 298.0435516278 254.89246502848889 217.76246028024445
100.0 146.3300018310547 15.0 234.44549472373333 300.1306548834 256.6773950854667 219.28738084073333
100.0 146.3300018310547 15.0 236.07582453955555 302.217758139 258.46232514244446 220.81230140122221
100.0 146.3300018310547 15.0 237.70615435537778 304.3048613946 260.2472551994222 222.33722196171112
100.0 146.3300018310547 15.0 239.3364841712 306.3919646502 262.0321852564 223.8621425222
100.0 146.83999633789062 15.0 243.0626830734 281.7977720094 235.3156652862 209.1694802544
100.0 146.83999633789062 15.0 244.8265312793111 283.84271156286667 237.02329522259998 210.68737353120002
100.0 146.83999633789062 15.0 246.5903794852222 285.8876511163333 238.73092515899998 212.205266808
100.0 146.83999633789062 15.0 248.35422769113333 287.9325906698 240.4385550954 213.7231600848
100.0 146.83999633789062 15.0 250.11807589704443 289.9775302232667 242.1461850318 215.2410533616
100.0 146.83999633789062 15.0 251.88192410295554 292.0224697767333 243.8538149682 216.7589466384
100.0 146.83999633789062 15.0 253.64577230886664 294.0674093302 245.5614449046 218.2768399152
100.0 146.83999633789062 15.0 255.40962051477777 296.1123488836667 247.26907484100002 219.794733192
100.0 146.83999633789062 15.0 257.17346872068885 298.15728843713333 248.97670477740002 221.31262646879998
100.0 146.83999633789062 15.0 258.9373169266 300.2022279906 250.6843347138 222.8305197456
100.0 147.33999633789062 15.0 228.5370247224 277.9242631158 250.8097008606 211.1062347012
100.0 147.33999633789062 15.0 230.19546367297778 279.9410935345111 252.6297673360222 212.6381825453778
100.0 147.33999633789062 15.0 231.85390262355554 281.95792395322223 254.44983381144445 214.17013038955557
100.0 147.33999633789062 15.0 233.51234157413333 283.97475437193333 256.2699002868667 215.70207823373335
100.0 147.33999633789062 15.0 235.17078052471112 285.9915847906444 258.0899667622889 217.23402607791112
100.0 147.33999633789062 15.0 236.82921947528888 288.0084152093556 259.9100332377111 218.76597392208888
100.0 147.33999633789062 15.0 238.48765842586667 290.02524562806667 261.7300997131333 220.29792176626665
100.0 147.33999633789062 15.0 240.14609737644446 292.04207604677777 263.5501661885556 221.82986961044443
100.0 147.33999633789062 15.0 241.80453632702222 294.0589064654889 265.3702326639778 223.3618174546222
100.0 147.33999633789062 15.0 243.4629752776 296.0757368842 267.1902991394 224.8937652988
100.0 147.85000610351562 15.0 229.5054019458 282.7661492328 249.8413236372 208.201103031
100.0 147.85000610351562 15.0 231.17086818006666 284.8181160699555 251.65436282893333 209.7119690241111
100.0 147.85000610351562 15.0 232.83633441433332 286.8700829071111 253.46740202066667 211.22283501722222
100.0 147.85000610351562 15.0 234.5018006486 288.92204974426664 255.2804412124 212.73370101033333
100.0 147.85000610351562 15.0 236.16726688286667 290.97401658142223 257.09348040413335 214.24456700344444
100.0 147.85000610351562 15.0 237.83273311713333 293.02598341857777 258.90651959586665 215.75543299655556
100.0 147.85000610351562 15.0 239.4981993514 295.07795025573336 260.7195587876 217.26629898966667
100.0 147.85000610351562 15.0 241.16366558566665 297.1299170928889 262.53259797933333 218.77716498277778
100.0 147.85000610351562 15.0 242.82913181993334 299.1818839300445 264.3456371710667 220.2880309758889
100.0 147.85000610351562 15.0 244.4945980542 301.2338507672 266.1586763628 221.798896969
100.0 148.35000610351562 15.0 233.3789108394 281.7977720094 248.8729464138 205.2959713608
100.0 148.35000610351562 15.0 235.07248620842222 283.84271156286667 250.67895832184445 206.78575550284444
100.0 148.35000610351562 15.0 236.76606157744445 285.8876511163333 252.4849702298889 208.27553964488888
100.0 148.35000610351562 15.0 238.45963694646667 287.9325906698 254.29098213793336 209.76532378693332
100.0 148.35000610351562 15.0 240.1532123154889 289.9775302232667 256.0969940459778 211.25510792897776
