lepalmer/localCodes/local_test/SmallSteps/finalTest/tempBurstData.txt
# %ECSV 0.9
# ---
# datatype:
# - {name: Energy, datatype: float64}
# - {name: Azimuth, datatype: float64}
# - {name: Zenith, datatype: float64}
# - {name: hits1, datatype: float64}
# - {name: hits2, datatype: float64}
# - {name: hits3, datatype: float64}
# - {name: hits4, datatype: float64}
# schema: astropy-2.0
Energy Azimuth Zenith hits1 hits2 hits3 hits4
[from data line 519]
100.0 151.7899932861328 15.0 243.4629752776 301.2338507672 251.7159574904 236.2416158414
100.0 152.82000732421875 15.0 221.7583841586 274.0507542222 253.7148325308 219.8216297118
100.0 152.82000732421875 15.0 223.36763212335555 276.03947550615555 255.5559808572889 221.41682310917778
100.0 152.82000732421875 15.0 224.9768800881111 278.0281967901111 257.3971291837778 223.01201650655557
100.0 152.82000732421875 15.0 226.58612805286666 280.01691807406667 259.2382775102667 224.60720990393332
100.0 152.82000732421875 15.0 228.1953760176222 282.0056393580222 261.07942583675555 226.2024033013111
100.0 152.82000732421875 15.0 229.8046239823778 283.9943606419778 262.92057416324445 227.7975966986889
100.0 152.82000732421875 15.0 231.41387194713334 285.98308192593333 264.76172248973336 229.39279009606668
100.0 152.82000732421875 15.0 233.0231199118889 287.9718032098889 266.60287081622226 230.98798349344446
100.0 152.82000732421875 15.0 234.63236787664445 289.96052449384445 268.4440191427111 232.58317689082222
100.0 152.82000732421875 15.0 236.2416158414 291.9492457778 270.2851674692 234.1783702882
100.0 153.85000610351562 15.0 211.1062347012 281.7977720094 271.145622552 204.3275941374
100.0 153.85000610351562 15.0 212.6381825453778 283.84271156286667 273.1132619848889 205.81035099575556
100.0 153.85000610351562 15.0 214.17013038955557 285.8876511163333 275.0809014177778 207.29310785411113
100.0 153.85000610351562 15.0 215.70207823373335 287.9325906698 277.04854085066665 208.77586471246667
100.0 153.85000610351562 15.0 217.23402607791112 289.9775302232667 279.01618028355557 210.2586215708222
100.0 153.85000610351562 15.0 218.76597392208888 292.0224697767333 280.98381971644443 211.7413784291778
100.0 153.85000610351562 15.0 220.29792176626665 294.0674093302 282.95145914933335 213.22413528753333
100.0 153.85000610351562 15.0 221.82986961044443 296.1123488836667 284.9190985822222 214.70689214588887
100.0 153.85000610351562 15.0 223.3618174546222 298.15728843713333 286.8867380151111 216.18964900424444
100.0 153.85000610351562 15.0 224.8937652988 300.2022279906 288.854377448 217.6724058626
100.0 154.8699951171875 15.0 224.6635158288 271.145622552 261.461850318 213.042989148
100.0 154.8699951171875 15.0 226.29384564462222 273.1132619848889 263.359216914 214.58899155955555
100.0 154.8699951171875 15.0 227.92417546044445 275.0809014177778 265.25658351 216.1349939711111
100.0 154.8699951171875 15.0 229.55450527626667 277.04854085066665 267.153950106 217.68099638266668
100.0 154.8699951171875 15.0 231.1848350920889 279.01618028355557 269.051316702 219.22699879422223
100.0 154.8699951171875 15.0 232.8151649079111 280.98381971644443 270.948683298 220.77300120577777
100.0 154.8699951171875 15.0 234.44549472373333 282.95145914933335 272.846049894 222.31900361733332
100.0 154.8699951171875 15.0 236.07582453955555 284.9190985822222 274.74341649 223.8650060288889
100.0 154.8699951171875 15.0 237.70615435537778 286.8867380151111 276.640783086 225.41100844044445
100.0 154.8699951171875 15.0 239.3364841712 288.854377448 278.538149682 226.957010852
100.0 155.89999389648438 15.0 212.0746119246 277.9242631158 260.4934730946 219.8216297118
100.0 155.89999389648438 15.0 213.61358705246667 279.9410935345111 262.3838124069111 221.41682310917778
100.0 155.89999389648438 15.0 215.15256218033332 281.95792395322223 264.27415171922223 223.01201650655557
100.0 155.89999389648438 15.0 216.6915373082 283.97475437193333 266.1644910315333 224.60720990393332
100.0 155.89999389648438 15.0 218.23051243606668 285.9915847906444 268.05483034384446 226.2024033013111
100.0 155.89999389648438 15.0 219.76948756393332 288.0084152093556 269.94516965615554 227.7975966986889
100.0 155.89999389648438 15.0 221.3084626918 290.02524562806667 271.8355089684667 229.39279009606668
100.0 155.89999389648438 15.0 222.84743781966668 292.04207604677777 273.72584828077777 230.98798349344446
100.0 155.89999389648438 15.0 224.38641294753333 294.0589064654889 275.6161875930889 232.58317689082222
100.0 155.89999389648438 15.0 225.9253880754 296.0757368842 277.5065269054 234.1783702882
100.0 156.9199981689453 15.0 206.2643485842 280.829394786 264.3669819882 218.8532524884
100.0 156.9199981689453 15.0 207.76116000993335 282.8673070557778 266.2854304352667 220.44141860208887
100.0 156.9199981689453 15.0 209.25797143566666 284.90521932555555 268.20387888233336 222.02958471577776
100.0 156.9199981689453 15.0 210.7547828614 286.94313159533334 270.1223273294 223.61775082946667
100.0 156.9199981689453 15.0 212.25159428713334 288.98104386511113 272.04077577646666 225.20591694315556
100.0 156.9199981689453 15.0 213.74840571286666 291.01895613488887 273.95922422353334 226.79408305684444
100.0 156.9199981689453 15.0 215.2452171386 293.05686840466666 275.8776726706 228.38224917053333
100.0 156.9199981689453 15.0 216.74202856433334 295.09478067444445 277.79612111766664 229.9704152842222
100.0 156.9199981689453 15.0 218.23883999006665 297.1326929442222 279.7145695647333 231.55858139791113
100.0 156.9199981689453 15.0 219.7356514158 299.170605214 281.6330180118 233.1467475116
100.0 157.9499969482422 15.0 213.042989148 290.51316702 245.9678147436 218.8532524884
100.0 157.9499969482422 15.0 214.58899155955555 292.6213521266667 247.75274480057777 220.44141860208887
100.0 157.9499969482422 15.0 216.1349939711111 294.72953723333336 249.53767485755554 222.02958471577776
100.0 157.9499969482422 15.0 217.68099638266668 296.83772234 251.32260491453334 223.61775082946667
100.0 157.9499969482422 15.0 219.22699879422223 298.9459074466667 253.10753497151111 225.20591694315556
100.0 157.9499969482422 15.0 220.77300120577777 301.0540925533333 254.89246502848889 226.79408305684444
100.0 157.9499969482422 15.0 222.31900361733332 303.16227766 256.6773950854667 228.38224917053333
100.0 157.9499969482422 15.0 223.8650060288889 305.27046276666664 258.46232514244446 229.9704152842222
100.0 157.9499969482422 15.0 225.41100844044445 307.3786478733333 260.2472551994222 231.55858139791113
100.0 157.9499969482422 15.0 226.957010852 309.48683298 262.0321852564 233.1467475116
100.0 158.97000122070312 15.0 207.2327258076 287.6080353498 255.6515869776 217.884875265
100.0 158.97000122070312 15.0 208.7365645170222 289.6951386054 257.50678987146665 219.466014095
100.0 158.97000122070312 15.0 210.24040322644444 291.782241861 259.36199276533335 221.047152925
100.0 158.97000122070312 15.0 211.74424193586665 293.8693451166 261.2171956592 222.628291755
100.0 158.97000122070312 15.0 213.2480806452889 295.9564483722 263.07239855306665 224.209430585
100.0 158.97000122070312 15.0 214.7519193547111 298.0435516278 264.92760144693335 225.790569415
100.0 158.97000122070312 15.0 216.25575806413335 300.1306548834 266.7828043408 227.371708245
100.0 158.97000122070312 15.0 217.75959677355556 302.217758139 268.63800723466665 228.952847075
100.0 158.97000122070312 15.0 219.2634354829778 304.3048613946 270.49321012853335 230.533985905
100.0 158.97000122070312 15.0 220.7672741924 306.3919646502 272.3484130224 232.115124735
100.0 160.0 15.0 200.4540852438 273.0823769988 268.2404908818 228.5370247224
100.0 160.0 15.0 201.9087329674 275.06407099906664 270.1870484636222 230.19546367297778
100.0 160.0 15.0 203.363380691 277.0457649993333 272.1336060454444 231.85390262355554
100.0 160.0 15.0 204.8180284146 279.0274589996 274.08016362726664 233.51234157413333
100.0 160.0 15.0 206.2726761382 281.00915299986667 276.02672120908886 235.17078052471112
100.0 160.0 15.0 207.7273238618 282.99084700013333 277.97327879091114 236.82921947528888
100.0 160.0 15.0 209.1819715854 284.9725410004 279.91983637273336 238.48765842586667
100.0 160.0 15.0 210.636619309 286.9542350006667 281.8663939545556 240.14609737644446
100.0 160.0 15.0 212.0912670326 288.93592900093336 283.8129515363778 241.80453632702222
100.0 160.0 15.0 213.5459147562 290.9176230012 285.7595091182 243.4629752776
100.0 120.0 15.0 235.3156652862 271.145622552 248.8729464138 216.9164980416
100.0 120.0 15.0 237.02329522259998 273.1132619848889 250.67895832184445 218.4906095879111
100.0 120.0 15.0 238.73092515899998 275.0809014177778 252.4849702298889 220.06472113422222
100.0 120.0 15.0 240.4385550954 277.04854085066665 254.29098213793336 221.63883268053334
100.0 120.0 15.0 242.1461850318 279.01618028355557 256.0969940459778 223.21294422684446
100.0 120.0 15.0 243.8538149682 280.98381971644443 257.90300595402226 224.78705577315554
100.0 120.0 15.0 245.5614449046 282.95145914933335 259.7090178620667 226.36116731946666
100.0 120.0 15.0 247.26907484100002 284.9190985822222 261.51502977011114 227.93527886577778
100.0 120.0 15.0 248.97670477740002 286.8867380151111 263.32104167815555 229.5093904120889
100.0 120.0 15.0 250.6843347138 288.854377448 265.1270535862 231.0835019584
100.0 120.51000213623047 15.0 259.5250958712 280.829394786 238.2207969564 192.7070674566
100.0 120.51000213623047 15.0 261.40840789982224 282.8673070557778 239.94950874386666 194.10549691068888
100.0 120.51000213623047 15.0 263.2917199284444 284.90521932555555 241.67822053133332 195.50392636477778
100.0 120.51000213623047 15.0 265.17503195706666 286.94313159533334 243.4069323188 196.90235581886665
100.0 120.51000213623047 15.0 267.0583439856889 288.98104386511113 245.13564410626665 198.30078527295555
100.0 120.51000213623047 15.0 268.9416560143111 291.01895613488887 246.86435589373335 199.69921472704445
100.0 120.51000213623047 15.0 270.82496804293334 293.05686840466666 248.5930676812 201.09764418113335
100.0 120.51000213623047 15.0 272.7082800715556 295.09478067444445 250.32177946866668 202.49607363522222
100.0 120.51000213623047 15.0 274.59159210017776 297.1326929442222 252.05049125613334 203.89450308931112
100.0 120.51000213623047 15.0 276.4749041288 299.170605214 253.7792030436 205.2929325434
100.0 121.01000213623047 15.0 257.5883414244 269.2088681052 221.7583841586 219.8216297118
100.0 121.01000213623047 15.0 259.4575988856445 271.1624529707111 223.36763212335555 221.41682310917778
100.0 121.01000213623047 15.0 261.3268563468889 273.11603783622223 224.9768800881111 223.01201650655557
100.0 121.01000213623047 15.0 263.19611380813336 275.06962270173335 226.58612805286666 224.60720990393332
100.0 121.01000213623047 15.0 265.0653712693778 277.02320756724447 228.1953760176222 226.2024033013111
100.0 121.01000213623047 15.0 266.9346287306222 278.97679243275553 229.8046239823778 227.7975966986889
100.0 121.01000213623047 15.0 268.80388619186664 280.93037729826665 231.41387194713334 229.39279009606668
100.0 121.01000213623047 15.0 270.6731436531111 282.88396216377777 233.0231199118889 230.98798349344446
100.0 121.01000213623047 15.0 272.5424011143555 284.8375470292889 234.63236787664445 232.58317689082222
100.0 121.01000213623047 15.0 274.4116585756 286.7911318948 236.2416158414 234.1783702882
100.0 121.5199966430664 15.0 237.252419733 283.7345264562 257.5883414244 189.8019357864
100.0 121.5199966430664 15.0 238.97410423677778 285.79352057704443 259.4575988856445 191.17928338942224
100.0 121.5199966430664 15.0 240.69578874055557 287.85251469788886 261.3268563468889 192.55663099244444
100.0 121.5199966430664 15.0 242.41747324433334 289.91150881873335 263.19611380813336 193.93397859546667
100.0 121.5199966430664 15.0 244.1391577481111 291.9705029395778 265.0653712693778 195.3113261984889
100.0 121.5199966430664 15.0 245.8608422518889 294.0294970604222 266.9346287306222 196.6886738015111
100.0 121.5199966430664 15.0 247.58252675566666 296.08849118126665 268.80388619186664 198.06602140453333
100.0 121.5199966430664 15.0 249.30421125944443 298.14748530211114 270.6731436531111 199.44336900755556
100.0 121.5199966430664 15.0 251.02589576322222 300.20647942295557 272.5424011143555 200.82071661057776
100.0 121.5199966430664 15.0 252.747580267 302.2654735438 274.4116585756 202.1980642136
100.0 122.02999877929688 15.0 235.3156652862 275.0191314456 240.1575514032 220.7900069352
100.0 122.02999877929688 15.0 237.02329522259998 277.01488001324446 241.90031775804442 222.39222761626667
100.0 122.02999877929688 15.0 238.73092515899998 279.0106285808889 243.64308411288889 223.99444829733335
100.0 122.02999877929688 15.0 240.4385550954 281.0063771485333 245.38585046773332 225.5966689784
100.0 122.02999877929688 15.0 242.1461850318 283.0021257161778 247.12861682257778 227.19888965946666
100.0 122.02999877929688 15.0 243.8538149682 284.9978742838222 248.87138317742222 228.80111034053334
100.0 122.02999877929688 15.0 245.5614449046 286.9936228514667 250.61414953226668 230.4033310216
100.0 122.02999877929688 15.0 247.26907484100002 288.9893714191111 252.35691588711111 232.00555170266665
100.0 122.02999877929688 15.0 248.97670477740002 290.98511998675554 254.09968224195558 233.60777238373333
100.0 122.02999877929688 15.0 250.6843347138 292.9808685544 255.8424485968 235.2099930648
100.0 122.52999877929688 15.0 247.9045691904 288.5764125732 233.3789108394 198.517330797
100.0 122.52999877929688 15.0 249.70355381475554 290.6705431124889 235.07248620842222 199.95792395322223
100.0 122.52999877929688 15.0 251.5025384391111 292.7646736517778 236.76606157744445 201.39851710944444
100.0 122.52999877929688 15.0 253.30152306346665 294.85880419106667 238.45963694646667 202.83911026566668
100.0 122.52999877929688 15.0 255.10050768782222 296.95293473035554 240.1532123154889 204.27970342188888
100.0 122.52999877929688 15.0 256.89949231217776 299.04706526964446 241.8467876845111 205.72029657811112
100.0 122.52999877929688 15.0 258.6984769365333 301.14119580893333 243.54036305353333 207.16088973433332
100.0 122.52999877929688 15.0 260.4974615608889 303.2353263482222 245.23393842255555 208.60148289055556
100.0 122.52999877929688 15.0 262.2964461852444 305.3294568875111 246.92751379157778 210.04207604677777
100.0 122.52999877929688 15.0 264.0954308096 307.4235874268 248.6210891606 211.482669203
100.0 123.04000091552734 15.0 259.5250958712 268.2404908818 240.1575514032 203.359216914
100.0 123.04000091552734 15.0 261.40840789982224 270.1870484636222 241.90031775804442 204.83494648866667
100.0 123.04000091552734 15.0 263.2917199284444 272.1336060454444 243.64308411288889 206.31067606333335
100.0 123.04000091552734 15.0 265.17503195706666 274.08016362726664 245.38585046773332 207.786405638
100.0 123.04000091552734 15.0 267.0583439856889 276.02672120908886 247.12861682257778 209.26213521266666
100.0 123.04000091552734 15.0 268.9416560143111 277.97327879091114 248.87138317742222 210.73786478733334
100.0 123.04000091552734 15.0 270.82496804293334 279.91983637273336 250.61414953226668 212.213594362
100.0 123.04000091552734 15.0 272.7082800715556 281.8663939545556 252.35691588711111 213.68932393666665
100.0 123.04000091552734 15.0 274.59159210017776 283.8129515363778 254.09968224195558 215.16505351133333
100.0 123.04000091552734 15.0 276.4749041288 285.7595091182 255.8424485968 216.640783086
100.0 123.54000091552734 15.0 237.252419733 291.4815442434 256.619964201 183.991672446
100.0 123.54000091552734 15.0 238.97410423677778 293.59675663375555 258.48219437855556 185.3268563468889
100.0 123.54000091552734 15.0 240.69578874055557 295.7119690241111 260.3444245561111 186.66204024777778
100.0 123.54000091552734 15.0 242.41747324433334 297.8271814144667 262.20665473366665 187.99722414866667
100.0 123.54000091552734 15.0 244.1391577481111 299.94239380482225 264.0688849112222 189.33240804955557
100.0 123.54000091552734 15.0 245.8608422518889 302.05760619517775 265.9311150887778 190.66759195044443
100.0 123.54000091552734 15.0 247.58252675566666 304.1728185855333 267.79334526633335 192.00277585133333
100.0 123.54000091552734 15.0 249.30421125944443 306.2880309758889 269.6555754438889 193.33795975222222
100.0 123.54000091552734 15.0 251.02589576322222 308.40324336624445 271.51780562144444 194.6731436531111
100.0 123.54000091552734 15.0 252.747580267 310.5184557566 273.380035799 196.008327554
100.0 124.05000305175781 15.0 221.7583841586 280.829394786 260.4934730946 209.1694802544
